#Points:1    p    U:0    U:1
-0.5    0.0803249    0    0
-0.495    0.0803244    0.0172672    -1.07477E-05
-0.49    0.0803239    0.0278099    -1.83485E-05
-0.485    0.0803233    0.0336483    -2.44878E-05
-0.48    0.0803226    0.0415203    -3.60192E-05
-0.475    0.0803215    0.0543693    -5.86206E-05
-0.47    0.0803204    0.0672155    -8.28099E-05
-0.465    0.0803198    0.0750777    -9.98985E-05
-0.46    0.0803192    0.082938    -0.000120811
-0.455    0.0803185    0.0937795    -0.000152281
-0.45    0.0803175    0.108597    -0.000196975
-0.445    0.0803165    0.12341    -0.000248887
-0.44    0.0803159    0.134248    -0.000287952
-0.435    0.0803154    0.142103    -0.000317821
-0.43    0.080315    0.149958    -0.000350324
-0.425    0.0803143    0.162789    -0.000405262
-0.42    0.0803136    0.175623    -0.000460984
-0.415    0.0803132    0.183484    -0.000496229
-0.41    0.0803129    0.191358    -0.000533274
-0.405    0.0803124    0.202228    -0.000585476
-0.4    0.0803118    0.217092    -0.000657485
-0.395    0.0803111    0.23198    -0.000732002
-0.39    0.0803107    0.242878    -0.000786843
-0.385    0.0803104    0.250784    -0.000827006
-0.38    0.0803101    0.2587    -0.000867647
-0.375    0.0803096    0.271639    -0.000934085
-0.37    0.0803092    0.284583    -0.00100055
-0.365    0.0803089    0.292517    -0.00104127
-0.36    0.0803087    0.300468    -0.00108167
-0.355    0.0803083    0.311448    -0.00113696
-0.35    0.0803078    0.326462    -0.00121215
-0.345    0.0803073    0.341501    -0.00128526
-0.34    0.0803069    0.352507    -0.00133834
-0.335    0.0803067    0.360489    -0.00137614
-0.33    0.0803064    0.368473    -0.0014124
-0.325    0.080306    0.381513    -0.00147005
-0.32    0.0803056    0.394553    -0.00152704
-0.315    0.0803054    0.402538    -0.00156097
-0.31    0.0803051    0.410522    -0.00159269
-0.305    0.0803047    0.421529    -0.00163467
-0.3    0.0803043    0.436568    -0.00169084
-0.295    0.0803037    0.451567    -0.0017411
-0.29    0.0803034    0.462533    -0.00177688
-0.285    0.0803031    0.470467    -0.00180127
-0.28    0.0803028    0.478365    -0.00182257
-0.275    0.0803023    0.491226    -0.00185461
-0.27    0.0803018    0.504072    -0.00188547
-0.265    0.0803016    0.511915    -0.00190268
-0.26    0.0803013    0.519704    -0.00191638
-0.255    0.0803009    0.530401    -0.00193265
-0.25    0.0803003    0.544988    -0.0019531
-0.245    0.0802997    0.5594    -0.00196533
-0.24    0.0802993    0.569914    -0.00197293
-0.235    0.080299    0.577486    -0.00197641
-0.23    0.0802987    0.584951    -0.00197598
-0.225    0.0802982    0.597044    -0.00197198
-0.22    0.0802977    0.609095    -0.00196658
-0.215    0.0802973    0.616413    -0.00196125
-0.21    0.080297    0.623597    -0.00195192
-0.205    0.0802966    0.633401    -0.00193612
-0.2    0.080296    0.646726    -0.00191261
-0.195    0.0802954    0.65969    -0.00188033
-0.19    0.080295    0.669114    -0.00185532
-0.185    0.0802947    0.67585    -0.0018351
-0.18    0.0802944    0.682392    -0.00181099
-0.175    0.0802939    0.692902    -0.00176845
-0.17    0.0802934    0.703337    -0.00172457
-0.165    0.0802931    0.70962    -0.00169576
-0.16    0.0802929    0.715679    -0.00166325
-0.155    0.0802925    0.723863    -0.00161578
-0.15    0.0802919    0.734931    -0.00154919
-0.145    0.0802915    0.74544    -0.001475
-0.14    0.0802911    0.753036    -0.00141953
-0.135    0.0802909    0.7584    -0.00137758
-0.13    0.0802906    0.763484    -0.00133247
-0.125    0.0802903    0.77154    -0.00125635
-0.12    0.0802899    0.779491    -0.00117917
-0.115    0.0802897    0.78421    -0.00113041
-0.11    0.0802895    0.788621    -0.00107891
-0.105    0.0802893    0.794474    -0.00100598
-0.1    0.0802889    0.802318    -0.00090511
-0.095    0.0802887    0.809436    -0.000799087
-0.09    0.0802885    0.814525    -0.00072074
-0.085    0.0802884    0.818034    -0.000662835
-0.08    0.0802883    0.821194    -0.000603028
-0.075    0.0802881    0.826057    -0.00050399
-0.07    0.080288    0.830793    -0.000404373
-0.065    0.080288    0.833511    -0.000342543
-0.06    0.0802879    0.835864    -0.000279352
-0.055    0.0802879    0.838838    -0.000191346
-0.05    0.0802878    0.842724    -7.05585E-05
-0.045    0.0802878    0.84578    5.21434E-05
-0.04    0.0802878    0.847883    0.000142163
-0.035    0.0802879    0.849205    0.000207733
-0.03    0.080288    0.850143    0.000273666
-0.025    0.0802881    0.851354    0.000381409
-0.02    0.0802882    0.852428    0.000489177
-0.015    0.0802883    0.852889    0.0005552
-0.01    0.0802884    0.852964    0.000621002
-0.005    0.0802886    0.852784    0.000711446
0    0.0802889    0.852351    0.000834797
0.005    0.0802892    0.851071    0.000956545
0.01    0.0802895    0.849999    0.0010453
0.015    0.0802897    0.849019    0.00110911
0.02    0.0802899    0.84766    0.00117169
0.025    0.0802903    0.845128    0.00127265
0.03    0.0802907    0.842464    0.00137307
0.035    0.0802909    0.840642    0.00143379
0.04    0.0802912    0.838452    0.00149274
0.045    0.0802916    0.835166    0.00157261
0.05    0.0802922    0.830501    0.00168078
0.055    0.0802928    0.825057    0.00178405
0.06    0.0802932    0.820951    0.00185877
0.065    0.0802936    0.817792    0.00191164
0.07    0.0802939    0.814297    0.00196186
0.075    0.0802945    0.808318    0.0020415
0.08    0.0802951    0.802224    0.00212014
0.085    0.0802955    0.798327    0.00216682
0.09    0.0802959    0.794117    0.00221044
0.095    0.0802964    0.788088    0.00226826
0.1    0.0802972    0.779705    0.00234571
0.105    0.080298    0.770685    0.0024157
0.11    0.0802986    0.763987    0.00246568
0.115    0.080299    0.758987    0.00250003
0.12    0.0802994    0.753724    0.00253073
0.125    0.0803001    0.744923    0.00257772
0.13    0.0803009    0.736034    0.00262337
0.135    0.0803013    0.730465    0.0026494
0.14    0.0803017    0.724664    0.00267154
0.145    0.0803024    0.716502    0.00269922
0.15    0.0803032    0.705243    0.00273511
0.155    0.080304    0.693537    0.00276219
0.16    0.0803047    0.684905    0.00278057
0.165    0.0803051    0.678549    0.00279175
0.17    0.0803056    0.67202    0.00279885
0.175    0.0803063    0.661227    0.00280707
0.18    0.080307    0.650378    0.00281384
0.185    0.0803074    0.643655    0.00281592
0.19    0.0803079    0.636788    0.00281395
0.195    0.0803085    0.627223    0.00280831
0.2    0.0803093    0.614088    0.00279868
0.205    0.0803101    0.600704    0.00278036
0.21    0.0803107    0.590874    0.00276558
0.215    0.0803111    0.583697    0.00275283
0.22    0.0803115    0.576433    0.0027363
0.225    0.0803122    0.56451    0.00270628
0.23    0.0803128    0.55256    0.00267496
0.235    0.0803132    0.545205    0.00265394
0.24    0.0803136    0.537787    0.00262943
0.245    0.0803141    0.527516    0.00259319
0.25    0.0803149    0.513454    0.00254208
0.255    0.0803156    0.499304    0.00248401
0.26    0.0803161    0.48894    0.00244046
0.265    0.0803164    0.481412    0.00240732
0.27    0.0803167    0.473864    0.00237141
0.275    0.0803173    0.461526    0.00231064
0.28    0.0803179    0.449183    0.00224897
0.285    0.0803182    0.441618    0.00220993
0.29    0.0803185    0.434045    0.00216863
0.295    0.080319    0.423597    0.00211016
0.3    0.0803196    0.409317    0.00202931
0.305    0.0803202    0.395048    0.00194455
0.31    0.0803206    0.384611    0.00188197
0.315    0.0803209    0.377052    0.00183582
0.32    0.0803212    0.369509    0.0017884
0.325    0.0803217    0.357204    0.00171019
0.33    0.0803222    0.344905    0.00163165
0.335    0.0803225    0.337382    0.00158308
0.34    0.0803228    0.329875    0.00153392
0.345    0.0803233    0.319532    0.00146585
0.35    0.0803239    0.305404    0.0013727
0.355    0.0803245    0.29132    0.00127949
0.36    0.0803249    0.281023    0.00121135
0.365    0.0803252    0.273571    0.0011621
0.37    0.0803256    0.266142    0.00111341
0.375    0.0803261    0.254025    0.00103463
0.38    0.0803267    0.241915    0.000956165
0.385    0.080327    0.234509    0.000908585
0.39    0.0803274    0.227115    0.000862262
0.395    0.0803279    0.216926    0.00079947
0.4    0.0803287    0.203007    0.00071444
0.405    0.0803294    0.189115    0.000633467
0.41    0.08033    0.178955    0.000574947
0.415    0.0803304    0.171597    0.000533669
0.42    0.0803309    0.164251    0.000494814
0.425    0.0803316    0.152257    0.000433666
0.43    0.0803324    0.140265    0.0003735
0.435    0.0803329    0.132924    0.000338081
0.44    0.0803334    0.125582    0.000305799
0.445    0.0803341    0.115451    0.000263748
0.45    0.0803352    0.101604    0.000207972
0.455    0.0803363    0.0877489    0.000160343
0.46    0.0803372    0.0776109    0.000126867
0.465    0.0803378    0.0702599    0.000104699
0.47    0.0803384    0.062905    8.66975E-05
0.475    0.0803396    0.0508864    6.12708E-05
0.48    0.0803407    0.0388644    3.7539E-05
0.485    0.0803415    0.031498    2.54697E-05
0.49    0.0803421    0.0260338    1.90655E-05
0.495    0.0803426    0.0161648    1.11618E-05
0.5    0.0803431    0    0
