# y       u       v        P       w     du/dx   du/dy   dv/dx   -P+mdu  -p+2mdu   du/dy+dy/dx
#               10^-2                    10^-1           10^-3
 0.50   0.000   0.000   0.2460   2.027   0.003  -2.027   0.007  -0.2459  -0.2459  -2.027
 0.45   0.101   0.021   0.2460   2.013   0.080  -2.013  -0.031  -0.2459  -0.2459  -2.013
 0.40   0.202   0.072   0.2459   2.023   0.127  -2.023  -0.120  -0.2459  -0.2459  -2.024
 0.35   0.304   0.140   0.2459   2.058   0.142  -2.058  -0.237  -0.2459  -0.2459  -2.058
 0.30   0.408   0.207   0.2459   2.090   0.127  -2.091  -0.353  -0.2459  -0.2459  -2.091
 0.25   0.512   0.260   0.2459   2.075   0.085  -2.075  -0.442  -0.2459  -0.2459  -2.076
 0.20   0.613   0.288   0.2459   1.959   0.025  -1.959  -0.484  -0.2459  -0.2459  -1.960
 0.15   0.704   0.283   0.2459   1.703  -0.043  -1.704  -0.471  -0.2459  -0.2459  -1.704
 0.10   0.779   0.245   0.2459   1.298  -0.107  -1.298  -0.405  -0.2459  -0.2459  -1.298
 0.05   0.831   0.180   0.2459   0.761  -0.156  -0.761  -0.295  -0.2459  -0.2459  -0.762
 0.00   0.853   0.095   0.2459   0.141  -0.182  -0.141  -0.155  -0.2459  -0.2459  -0.141
-0.05   0.844   0.003   0.2459  -0.500  -0.182   0.501  -0.002  -0.2459  -0.2459   0.501
-0.10   0.804  -0.081   0.2459  -1.096  -0.156   1.096   0.149  -0.2459  -0.2459   1.097 
-0.15   0.737  -0.147   0.2459  -1.588  -0.108   1.589   0.280  -0.2459  -0.2459   1.589
-0.20   0.649  -0.185   0.2459  -1.939  -0.045   1.939   0.372  -0.2459  -0.2459   1.939
-0.25   0.547  -0.191   0.2459  -2.139   0.021   2.139   0.409  -0.2459  -0'2459   2.140
-0.30   0.438  -0.166   0.2459  -2.213   0.077   2.213   0.381  -0.2459  -0.2459   2.214
-0.35   0.328  -0.119   0.2459  -2.210   0.109   2.210   0.291  -0.2459  -0.2459   2.211
-0.40   0.218  -0.065   0.2459  -2.184   0.109   2.184   0.164  -0.2459  -0.2459   2.185
-0.45   0.109  -0.019   0.2459  -2.174   0.074   2.174   0.046  -0.2459  -0.2459   2.174
-0.50   0.000   O.000   0.2459  -2.185   0.003   2.185   0.009  -0.2459  -0.2459   2.185

