# y       u       v        P       w     du/dx   du/dy   dv/dx   -P+mdu  -p+2mdu   du/dy+dy/dx
#               10^-2                    10^-1           10^-1
 0.50   0.000   0.000   0.1562  -1.034  -0.006   1.034  -0.000  -0.1562  -0.1562   1.034
 0.45  -0.038  -0.027   0.1562  -0.493  -0.102   0.493  -0.000  -0.1562  -0.1563   0.493
 0.40  -0.049  -0.086   0.1562   0.061  -0.132  -0.061   0.004  -0.1563  -0.1563  -0.060
 0.35  -0.032  -0.147   0.1562   0.635  -0.112  -0.633   0.019  -0.1562  -0.1563  -0.631
 0.30   0.015  -0.193   0.1562   1.237  -0.071  -1.232   0.049  -0.1562  -0.1562  -1.227
 0.25   0.092  -0.225   0.1562   1.888  -0.053  -1.878   0.100  -0.1562  -0.1562  -1.868
 0.20   0.204  -0.268   0.1563   2.588  -0.115  -2.570   0.179  -0.1564  -0.1564  -2.552
 0.15   0.349  -0.362   0.1567   3.267  -0.262  -3.238   0.289  -0.1567  -0.1567  -3.209
 0.10   0.522  -0.544   0.1574   3.751  -0.466  -3.708   0.426  -0.1575  -0.1576  -3.665
 0.05   0.709  -0.823   0.1590   3.821  -0.646  -3.764   0.576  -0.1591  -0.1591  -3.706
 0.00   0.885  -1.165   0.1615   3.345  -0.718  -3.274   0.715  -0.1616  -0.1617  -3.202
-0.05   1.024  -1.507   0.1652   2.362  -0.644  -2.280   0.821  -0.1653  -0.1654  -2.197
-0.10   1.105  -1.778   0.1697   1.046  -0.440  -0.958   0.875  -0.1698  -0.1638  -0.871
-0.15   1.118  -1.925   0.1746  -0.374  -0.149   0.462   0.872  -0.1746  -0.1746   0.548
-0.20   1.062  -1.917   0.1792  -1.684   0.178   1.766   0.812  -0.1792  -0.1792   1.847
-0.25   0.948  -1.748   0.1831  -2.719   0.492   2.790   0.706  -0.1830  -0.1830   2.861
-0.30   0.792  -1.423   0.1859  -3.392   0.762   3.448   0.568  -0.1858  -0.1857   3.505
-0.35   0.613  -1.000   0.1876  -3.658   0.982   3.699   0.412  -0.1875  -0.1874   3.740
-0.40   0.428  -0.504   0.1885  -3.687   0.991   3.712   0.242  -0.1884  -0.1883   3.736
-0.45   0.232  -0.118   0.1888  -4.132   0.523   4.139   0.072  -0.1888  -0.1887   4.146
-0.50   0.000   0.000   0.1889  -5.140  -0.024   5.139  -0.012  -0.1889  -0.1889   5.138

